100
##start
st 4 8
##end
ed 34 8
00 6 0
01 6 2
02 6 4
03 6 6
04 6 8
05 6 10
06 6 12
07 6 14
08 6 16
10 8 0
11 8 2
12 8 4
13 8 6
14 8 8
15 8 10
16 8 12
17 8 14
18 8 16
20 10 0
21 10 2
22 10 4
23 10 6
24 10 8
25 10 10
26 10 12
27 10 14
28 10 16
30 12 0
31 12 2
32 12 4
33 12 6
34 12 8
35 12 10
36 12 12
37 12 14
38 12 16
40 14 0
41 14 2
42 14 4
43 14 6
44 14 8
45 14 10
46 14 12
47 14 14
48 14 16
50 16 0
51 16 2
52 16 4
53 16 6
54 16 8
55 16 10
56 16 12
57 16 14
58 16 16
60 18 0
61 18 2
62 18 4
63 18 6
64 18 8
65 18 10
66 18 12
67 18 14
68 18 16
70 20 0
71 20 2
72 20 4
73 20 6
74 20 8
75 20 10
76 20 12
77 20 14
78 20 16
80 22 0
81 22 2
82 22 4
83 22 6
84 22 8
85 22 10
86 22 12
87 22 14
88 22 16
90 24 0
91 24 2
92 24 4
93 24 6
94 24 8
95 24 10
96 24 12
97 24 14
98 24 16
100 26 0
101 26 2
102 26 4
103 26 6
104 26 8
105 26 10
106 26 12
107 26 14
108 26 16
110 28 0
111 28 2
112 28 4
113 28 6
114 28 8
115 28 10
116 28 12
117 28 14
118 28 16
120 30 0
121 30 2
122 30 4
123 30 6
124 30 8
125 30 10
126 30 12
127 30 14
128 30 16
130 32 0
131 32 2
132 32 4
133 32 6
134 32 8
135 32 10
136 32 12
137 32 14
138 32 16
st-00
st-01
st-02
st-03
st-04
st-05
st-06
st-07
st-08
130-ed
131-ed
132-ed
133-ed
134-ed
135-ed
136-ed
137-ed
138-ed
00-01
01-11
02-12
03-04
04-05
05-15
06-16
07-08
08-18
10-20
11-21
12-13
13-23
14-24
15-16
16-17
17-27
20-21
21-22
22-32
23-24
24-34
25-35
26-27
27-28
28-38
30-40
31-32
32-33
33-43
34-44
35-45
36-37
37-38
40-50
41-51
42-43
43-44
44-54
45-46
46-56
47-48
48-58
50-60
51-61
52-53
53-54
54-64
55-65
56-66
57-58
58-68
60-70
61-62
62-72
63-64
64-74
65-66
66-76
67-68
68-78
70-71
71-81
72-82
73-74
74-84
75-76
76-86
77-87
80-90
81-82
82-83
83-93
84-94
85-86
86-87
87-97
88-98
90-91
91-101
92-93
93-103
94-104
95-96
96-97
97-107
98-108
100-101
101-111
102-103
103-113
104-105
105-115
106-116
107-108
108-118
110-111
111-121
112-122
113-114
114-124
115-116
116-117
117-127
120-130
121-131
122-123
123-133
124-125
125-126
126-136
127-128
128-138
130-131
132-133
133-134
135-136
137-138
41-42
30-31
80-81
82-83
36-46
107-106